precision: 0.707191780822
recall: 0.933333333333
f-measure: 0.80467608378
